0, 0 : 0
0, 1 : 0
0, 2 : 0
0, 3 : 0
0, 4 : -1
0, 5 : -1
0, 6 : -2
0, 7 : -2
0, 8 : -3
0, 9 : -3
0, 10 : -4
0, 11 : -4
0, 12 : -4
0, 13 : -5
0, 14 : -5
0, 15 : -5
0, 16 : -5
0, 17 : -5
0, 18 : -5
0, 19 : -5
0, 20 : -5
1, 0 : 1
1, 1 : 1
1, 2 : 0
1, 3 : 0
1, 4 : 0
1, 5 : -1
1, 6 : -1
1, 7 : -2
1, 8 : -2
1, 9 : -3
1, 10 : -3
1, 11 : -3
1, 12 : -4
1, 13 : -4
1, 14 : -4
1, 15 : -4
1, 16 : -5
1, 17 : -5
1, 18 : -5
1, 19 : -5
1, 20 : -5
2, 0 : 2
2, 1 : 1
2, 2 : 1
2, 3 : 0
2, 4 : 0
2, 5 : 0
2, 6 : -1
2, 7 : -1
2, 8 : -2
2, 9 : -2
2, 10 : -2
2, 11 : -3
2, 12 : -3
2, 13 : -3
2, 14 : -3
2, 15 : -4
2, 16 : -4
2, 17 : -4
2, 18 : -4
2, 19 : -4
2, 20 : -4
3, 0 : 2
3, 1 : 2
3, 2 : 1
3, 3 : 1
3, 4 : 0
3, 5 : 0
3, 6 : 0
3, 7 : -1
3, 8 : -1
3, 9 : -1
3, 10 : -2
3, 11 : -2
3, 12 : -2
3, 13 : -2
3, 14 : -3
3, 15 : -3
3, 16 : -3
3, 17 : -3
3, 18 : -3
3, 19 : -3
3, 20 : -4
4, 0 : 3
4, 1 : 2
4, 2 : 2
4, 3 : 1
4, 4 : 1
4, 5 : 0
4, 6 : 0
4, 7 : 0
4, 8 : 0
4, 9 : -1
4, 10 : -1
4, 11 : -1
4, 12 : -1
4, 13 : -2
4, 14 : -2
4, 15 : -2
4, 16 : -2
4, 17 : -2
4, 18 : -2
4, 19 : -3
4, 20 : -3
5, 0 : 3
5, 1 : 3
5, 2 : 2
5, 3 : 2
5, 4 : 1
5, 5 : 1
5, 6 : 0
5, 7 : 0
5, 8 : 0
5, 9 : 0
5, 10 : 0
5, 11 : 0
5, 12 : -1
5, 13 : -1
5, 14 : -1
5, 15 : -1
5, 16 : -1
5, 17 : -1
5, 18 : -2
5, 19 : -2
5, 20 : -2
6, 0 : 4
6, 1 : 3
6, 2 : 3
6, 3 : 2
6, 4 : 2
6, 5 : 1
6, 6 : 1
6, 7 : 0
6, 8 : 0
6, 9 : 0
6, 10 : 0
6, 11 : 0
6, 12 : 0
6, 13 : 0
6, 14 : 0
6, 15 : 0
6, 16 : 0
6, 17 : -1
6, 18 : -1
6, 19 : -1
6, 20 : -1
7, 0 : 4
7, 1 : 4
7, 2 : 3
7, 3 : 3
7, 4 : 2
7, 5 : 2
7, 6 : 1
7, 7 : 1
7, 8 : 0
7, 9 : 0
7, 10 : 0
7, 11 : 0
7, 12 : 0
7, 13 : 0
7, 14 : 0
7, 15 : 0
7, 16 : 0
7, 17 : 0
7, 18 : 0
7, 19 : 0
7, 20 : -1
8, 0 : 5
8, 1 : 4
8, 2 : 4
8, 3 : 3
8, 4 : 3
8, 5 : 2
8, 6 : 2
8, 7 : 1
8, 8 : 0
8, 9 : 0
8, 10 : 0
8, 11 : 0
8, 12 : 0
8, 13 : 0
8, 14 : 0
8, 15 : 0
8, 16 : 0
8, 17 : 0
8, 18 : 0
8, 19 : 0
8, 20 : -1
9, 0 : 5
9, 1 : 5
9, 2 : 4
9, 3 : 4
9, 4 : 3
9, 5 : 3
9, 6 : 2
9, 7 : 1
9, 8 : 1
9, 9 : 0
9, 10 : 0
9, 11 : 0
9, 12 : 0
9, 13 : 0
9, 14 : 0
9, 15 : 0
9, 16 : 0
9, 17 : 0
9, 18 : 0
9, 19 : 0
9, 20 : 0
10, 0 : 5
10, 1 : 5
10, 2 : 5
10, 3 : 4
10, 4 : 4
10, 5 : 3
10, 6 : 2
10, 7 : 2
10, 8 : 1
10, 9 : 0
10, 10 : 0
10, 11 : 0
10, 12 : 0
10, 13 : 0
10, 14 : 0
10, 15 : 0
10, 16 : 0
10, 17 : 0
10, 18 : 0
10, 19 : 0
10, 20 : 0
11, 0 : 5
11, 1 : 5
11, 2 : 5
11, 3 : 5
11, 4 : 4
11, 5 : 3
11, 6 : 3
11, 7 : 2
11, 8 : 1
11, 9 : 1
11, 10 : 0
11, 11 : 0
11, 12 : 0
11, 13 : 0
11, 14 : 0
11, 15 : 0
11, 16 : 0
11, 17 : 0
11, 18 : 0
11, 19 : 0
11, 20 : 0
12, 0 : 5
12, 1 : 5
12, 2 : 5
12, 3 : 5
12, 4 : 4
12, 5 : 4
12, 6 : 3
12, 7 : 2
12, 8 : 2
12, 9 : 1
12, 10 : 0
12, 11 : 0
12, 12 : 0
12, 13 : 0
12, 14 : 0
12, 15 : 0
12, 16 : 0
12, 17 : 0
12, 18 : 0
12, 19 : 0
12, 20 : 0
13, 0 : 5
13, 1 : 5
13, 2 : 5
13, 3 : 5
13, 4 : 5
13, 5 : 4
13, 6 : 3
13, 7 : 3
13, 8 : 2
13, 9 : 1
13, 10 : 0
13, 11 : 0
13, 12 : 0
13, 13 : 0
13, 14 : 0
13, 15 : 0
13, 16 : 0
13, 17 : 0
13, 18 : 0
13, 19 : 0
13, 20 : 0
14, 0 : 5
14, 1 : 5
14, 2 : 5
14, 3 : 5
14, 4 : 5
14, 5 : 4
14, 6 : 4
14, 7 : 3
14, 8 : 2
14, 9 : 1
14, 10 : 0
14, 11 : 0
14, 12 : 0
14, 13 : 0
14, 14 : 0
14, 15 : 0
14, 16 : 0
14, 17 : 0
14, 18 : 0
14, 19 : 0
14, 20 : 0
15, 0 : 5
15, 1 : 5
15, 2 : 5
15, 3 : 5
15, 4 : 5
15, 5 : 5
15, 6 : 4
15, 7 : 3
15, 8 : 2
15, 9 : 1
15, 10 : 1
15, 11 : 0
15, 12 : 0
15, 13 : 0
15, 14 : 0
15, 15 : 0
15, 16 : 0
15, 17 : 0
15, 18 : 0
15, 19 : 0
15, 20 : 0
16, 0 : 5
16, 1 : 5
16, 2 : 5
16, 3 : 5
16, 4 : 5
16, 5 : 5
16, 6 : 4
16, 7 : 3
16, 8 : 2
16, 9 : 2
16, 10 : 1
16, 11 : 1
16, 12 : 0
16, 13 : 0
16, 14 : 0
16, 15 : 0
16, 16 : 0
16, 17 : 0
16, 18 : 0
16, 19 : 0
16, 20 : 0
17, 0 : 5
17, 1 : 5
17, 2 : 5
17, 3 : 5
17, 4 : 5
17, 5 : 5
17, 6 : 4
17, 7 : 3
17, 8 : 3
17, 9 : 2
17, 10 : 2
17, 11 : 1
17, 12 : 1
17, 13 : 1
17, 14 : 1
17, 15 : 1
17, 16 : 0
17, 17 : 0
17, 18 : 0
17, 19 : 0
17, 20 : 0
18, 0 : 5
18, 1 : 5
18, 2 : 5
18, 3 : 5
18, 4 : 5
18, 5 : 5
18, 6 : 4
18, 7 : 4
18, 8 : 3
18, 9 : 3
18, 10 : 2
18, 11 : 2
18, 12 : 2
18, 13 : 2
18, 14 : 2
18, 15 : 1
18, 16 : 1
18, 17 : 1
18, 18 : 0
18, 19 : 0
18, 20 : 0
19, 0 : 5
19, 1 : 5
19, 2 : 5
19, 3 : 5
19, 4 : 5
19, 5 : 5
19, 6 : 5
19, 7 : 4
19, 8 : 4
19, 9 : 3
19, 10 : 3
19, 11 : 3
19, 12 : 3
19, 13 : 3
19, 14 : 2
19, 15 : 2
19, 16 : 2
19, 17 : 1
19, 18 : 1
19, 19 : 0
19, 20 : 0
20, 0 : 5
20, 1 : 5
20, 2 : 5
20, 3 : 5
20, 4 : 5
20, 5 : 5
20, 6 : 5
20, 7 : 5
20, 8 : 4
20, 9 : 4
20, 10 : 4
20, 11 : 4
20, 12 : 4
20, 13 : 3
20, 14 : 3
20, 15 : 3
20, 16 : 2
20, 17 : 2
20, 18 : 1
20, 19 : 1
20, 20 : 0
